image: mymap.pgm
resolution: 0.050000
origin: [-19.150000, -21.800001, 0.000000]
negate: 0
occupied_thresh: 0.65
free_thresh: 0.196

