image: risto2mod.pgm
resolution: 0.050000
origin: [-17.150000, -24.050001, 0.000000]
negate: 0
occupied_thresh: 0.65
free_thresh: 0.196

